20,1
15,1
17,1
17,2
16,1
16,2
15,2
01,1
15,3
21,1
10,1
21,2
09,1
16,3
16,4
16,5
17,3
22,1
22,2
13,1
08,1
01,2
14,1
19,1
23,1
23,2
00,1
19,2
22,3
18,1
18,2
18,3
19,3
19,4
16,6
16,7
16,8
16,9
08,2
03,1
00,2
00,3
22,4
22,5
20,2
20,3
20,4
20,5
20,6
20,7
20,8
20,9
20,10
20,11
20,12
20,13
20,14
20,15
20,16
19,5
15,4
07,1
00,4
22,6
12,1
12,2
12,3
19,6
19,7
18,4
17,4
17,5
16,10
16,11
09,2
09,3
09,4
09,5
09,6
13,2
03,2
17,6
01,3
00,5
22,7
23,3
18,5
18,6
22,8
20,17
21,3
15,5
21,4
21,5
15,6
20,18
15,7
15,8
15,9
18,7
00,6
18,8
07,2
18,9
18,10
18,11
18,12
18,13
18,14
08,3
16,12
15,10
15,11
15,12
13,3
20,19
21,6
16,13
16,14
12,4
12,5
15,13
09,7
20,20
16,15
23,4
20,21
22,9
14,2
09,8
07,3
13,4
12,6
11,1
00,7
15,14
07,4
14,3
07,5
12,7
08,4
23,5
17,7
22,10
21,7
21,8
10,2
10,3
21,9
07,6
01,4
07,7
21,10
00,8
00,9
00,10
00,11
20,22
15,15
02,1
13,5
13,6
03,3
15,16
16,16
16,17
16,18
16,19
10,4
13,7
20,23
15,17
07,8
02,2
09,9
07,9
14,4
07,10
23,6
22,11
17,8
13,8
13,9
23,7
04,1
22,12
22,13
02,3
13,10
17,9
19,8
15,18
00,12
00,13
18,15
00,14
00,15
00,16
00,17
00,18
00,19
00,20
14,5
00,21
00,22
00,23
00,24
00,25
19,9
16,20
21,11
19,10
04,2
17,10
09,10
10,5
10,6
10,7
10,8
10,9
10,10
10,11
09,11
01,5
09,12
21,12
05,1
10,12
22,14
17,11
17,12
11,2
07,11
17,13
16,21
10,13
10,14
09,13
16,22
04,3
01,6
01,7
01,8
01,9
07,12
21,13
06,1
11,3
03,4
22,15
21,14
13,11
19,11
18,16
17,14
17,15
17,16
17,17
17,18
17,19
16,23
16,24
22,16
22,17
01,10
23,8
23,9
22,18
22,19
12,8
04,4
23,10
15,19
19,12
18,17
17,20
17,21
08,5
08,6
15,20
02,4
08,7
11,4
14,6
01,11
14,7
14,8
17,22
08,8
13,12
08,9
08,10
09,14
15,21
07,13
07,14
07,15
07,16
07,17
00,26
23,11
23,12
16,25
16,26
13,13
06,2
04,5
21,15
06,3
06,4
06,5
16,27
16,28
01,12
21,16
23,13
00,27
19,13
19,14
18,18
18,19
15,22
17,23
16,29
17,24
16,30
16,31
07,18
09,15
20,24
11,5
08,11
14,9
13,14
13,15
15,23
13,16
13,17
09,16
14,10
14,11
22,20
11,6
11,7
11,8
18,20
15,24
17,25
17,26
09,17
09,18
09,19
15,25
12,9
18,21
18,22
11,9
10,15
10,16
05,2
03,5
15,26
15,27
20,25
12,10
11,10
13,18
16,32
21,17
21,18
01,13
18,23
12,11
07,19
22,21
13,19
11,11
13,20
10,17
15,28
23,14
17,27
17,28
15,29
11,12
06,6
19,15
19,16
14,12
10,18
23,15
22,22
08,12
14,13
16,33
14,14
14,15
12,12
22,23
15,30
18,24
17,29
13,21
17,30
17,31
13,22
15,31
07,20
13,23
13,24
20,26
20,27
20,28
12,13
10,19
08,13
07,21
05,3
12,14
17,32
16,34
04,6
15,32
15,33
13,25
12,15
11,13
11,14
11,15
06,7
06,8
13,26
23,16
09,20
11,16
23,17
15,34
14,16
07,22
18,25
22,24
01,14
15,35
19,17
14,17
12,16
11,17
20,29
20,30
08,14
08,15
11,18
18,26
12,17
15,36
08,16
21,19
21,20
21,21
21,22
10,20
10,21
19,18
21,23
21,24
21,25
21,26
21,27
14,18
10,22
10,23
06,9
09,21
12,18
12,19
08,17
13,27
07,23
09,22
22,25
20,31
20,32
19,19
19,20
19,21
18,27
18,28
18,29
13,28
16,35
19,22
18,30
18,31
18,32
18,33
00,28
00,29
00,30
00,31
15,37
00,32
07,24
11,19
11,20
10,24
05,4
23,18
13,29
06,10
10,25
14,19
19,23
18,34
18,35
18,36
18,37
18,38
18,39
09,23
13,30
10,26
10,27
12,20
15,38
15,39
15,40
10,28
10,29
10,30
07,25
07,26
18,40
23,19
12,21
10,31
07,27
06,11
01,15
15,41
02,5
00,33
18,41
00,34
15,42
15,43
00,35
03,6
03,7
03,8
03,9
03,10
19,24
13,31
13,32
09,24
23,20
18,42
22,26
19,25
19,26
20,33
20,34
20,35
20,36
20,37
21,28
11,21
19,27
01,16
18,43
18,44
18,45
18,46
14,20
12,22
15,44
18,47
04,7
04,8
04,9
04,10
04,11
04,12
04,13
04,14
04,15
04,16
04,17
04,18
04,19
04,20
16,36
03,11
03,12
10,32
19,28
09,25
00,36
06,12
13,33
16,37
02,6
09,26
21,29
21,30
03,13
03,14
23,21
20,38
20,39
01,17
01,18
19,29
23,22
12,23
12,24
13,34
13,35
21,31
12,25
08,18
18,48
18,49
15,45
16,38
12,26
12,27
17,33
08,19
21,32
04,21
08,20
22,27
22,28
20,40
10,33
08,21
10,34
17,34
20,41
22,29
18,50
18,51
05,5
05,6
05,7
20,42
20,43
02,7
02,8
14,21
17,35
10,35
16,39
16,40
16,41
16,42
16,43
16,44
16,45
16,46
14,22
08,22
12,28
08,23
05,8
11,22
11,23
04,22
11,24
11,25
12,29
15,46
15,47
15,48
15,49
15,50
15,51
15,52
15,53
11,26
15,54
18,52
19,30
18,53
13,36
13,37
13,38
23,23
12,30
02,9
02,10
06,13
08,24
20,44
14,23
10,36
10,37
13,39
09,27
20,45
00,37
16,47
08,25
08,26
11,27
18,54
18,55
15,55
19,31
15,56
01,19
00,38
13,40
02,11
18,56
18,57
18,58
21,33
20,46
20,47
20,48
04,23
20,49
01,20
15,57
18,59
02,12
12,31
16,48
14,24
04,24
12,32
14,25
10,38
01,21
01,22
12,33
15,58
20,50
22,30
18,60
18,61
02,13
09,28
09,29
07,28
10,39
10,40
03,15
21,34
21,35
11,28
11,29
20,51
19,32
18,62
18,63
18,64
18,65
18,66
18,67
18,68
17,36
16,49
11,30
11,31
11,32
11,33
11,34
11,35
11,36
11,37
19,33
19,34
13,41
15,59
01,23
06,14
04,25
08,27
22,31
16,50
06,15
12,34
13,42
13,43
21,36
20,52
01,24
01,25
14,26
14,27
22,32
19,35
10,41
18,69
18,70
17,37
00,39
00,40
00,41
00,42
09,30
03,16
21,37
11,38
11,39
21,38
21,39
14,28
18,71
20,53
13,44
13,45
09,31
09,32
07,29
04,26
18,72
03,17
17,38
17,39
16,51
16,52
05,9
03,18
20,54
04,27
04,28
15,60
14,29
13,46
12,35
10,42
10,43
10,44
19,36
09,33
07,30
08,28
18,73
00,43
21,40
21,41
21,42
15,61
02,14
00,44
22,33
00,45
00,46
00,47
22,34
22,35
22,36
22,37
07,31
07,32
07,33
16,53
03,19
17,40
21,43
14,30
14,31
14,32
14,33
14,34
14,35
14,36
14,37
20,55
19,37
19,38
19,39
08,29
18,74
16,54
06,16
02,15
18,75
15,62
15,63
17,41
14,38
15,64
22,38
00,48
02,16
11,40
11,41
11,42
11,43
15,65
14,39
13,47
13,48
17,42
14,40
14,41
11,44
15,66
09,34
09,35
09,36
18,76
06,17
15,67
22,39
21,44
21,45
20,56
21,46
09,37
12,36
12,37
12,38
15,68
22,40
15,69
01,26
20,57
11,45
14,42
12,39
11,46
10,45
09,38
21,47
22,41
16,55
10,46
08,30
23,24
18,77
12,40
19,40
06,18
10,47
10,48
19,41
19,42
19,43
20,58
04,29
16,56
10,49
16,57
16,58
16,59
08,31
00,49
07,34
07,35
08,32
12,41
21,48
23,25
23,26
22,42
16,60
16,61
07,36
21,49
10,50
15,70
15,71
18,78
06,19
14,43
14,44
12,42
05,10
08,33
15,72
10,51
09,39
11,47
09,40
21,50
12,43
09,41
12,44
19,44
17,43
22,43
18,79
18,80
18,81
14,45
08,34
22,44
03,20
01,27
15,73
17,44
17,45
17,46
17,47
13,49
13,50
16,62
05,11
20,59
20,60
05,12
09,42
13,51
10,52
14,46
14,47
14,48
23,27
23,28
23,29
23,30
17,48
17,49
17,50
17,51
01,28
19,45
19,46
19,47
19,48
18,82
16,63
15,74
09,43
08,35
00,50
17,52
17,53
01,29
19,49
19,50
10,53
04,30
04,31
13,52
05,13
05,14
18,83
06,20
03,21
07,37
14,49
10,54
02,17
02,18
09,44
09,45
23,31
08,36
20,61
20,62
12,45
07,38
06,21
07,39
15,75
06,22
06,23
01,30
17,54
10,55
23,32
11,48
10,56
04,32
16,64
11,49
12,46
13,53
13,54
13,55
10,57
01,31
01,32
01,33
08,37
10,58
03,22
15,76
10,59
10,60
09,46
17,55
17,56
17,57
13,56
13,57
13,58
15,77
14,50
14,51
20,63
20,64
20,65
20,66
20,67
08,38
12,47
05,15
13,59
12,48
01,34
08,39
11,50
06,24
20,68
20,69
20,70
01,35
08,40
08,41
12,49
10,61
13,60
13,61
14,52
21,51
20,71
20,72
16,65
18,84
20,73
20,74
20,75
20,76
20,77
19,51
19,52
19,53
19,54
19,55
19,56
19,57
15,78
12,50
06,25
11,51
18,85
16,66
05,16
23,33
00,51
15,79
17,58
23,34
18,86
20,78
20,79
20,80
20,81
20,82
20,83
05,17
05,18
05,19
05,20
05,21
05,22
05,23
05,24
05,25
05,26
05,27
05,28
05,29
05,30
05,31
05,32
05,33
05,34
05,35
05,36
05,37
05,38
05,39
05,40
05,41
05,42
05,43
05,44
07,40
03,23
03,24
19,58
02,19
18,87
00,52
08,42
07,41
00,53
00,54
20,84
22,45
21,52
21,53
21,54
21,55
21,56
21,57
20,85
16,67
19,59
20,86
20,87
19,60
19,61
19,62
19,63
19,64
19,65
00,55
00,56
01,36
19,66
17,59
17,60
21,58
16,68
23,35
23,36
15,80
15,81
15,82
09,47
10,62
10,63
00,57
13,62
02,20
23,37
23,38
14,53
12,51
09,48
04,33
08,43
08,44
14,54
15,83
02,21
14,55
14,56
04,34
04,35
04,36
01,37
04,37
11,52
01,38
00,58
00,59
02,22
12,52
07,42
05,45
18,88
07,43
15,84
18,89
22,46
17,61
09,49
11,53
06,26
16,69
16,70
13,63
14,57
17,62
15,85
15,86
20,88
11,54
09,50
02,23
17,63
17,64
11,55
11,56
11,57
11,58
00,60
06,27
12,53
05,46
04,38
00,61
07,44
07,45
07,46
07,47
22,47
17,65
12,54
12,55
22,48
10,64
10,65
12,56
04,39
15,87
15,88
09,51
01,39
14,58
13,64
16,71
17,66
21,59
12,57
14,59
04,40
06,28
08,45
13,65
11,59
16,72
18,90
06,29
11,60
00,62
22,49
05,47
05,48
18,91
16,73
23,39
12,58
08,46
09,52
10,66
23,40
19,67
10,67
10,68
10,69
17,67
16,74
16,75
03,25
18,92
18,93
06,30
13,66
14,60
01,40
23,41
18,94
21,60
22,50
14,61
11,61
12,59
06,31
06,32
06,33
02,24
20,89
00,63
00,64
20,90
13,67
10,70
08,47
06,34
12,60
12,61
08,48
11,62
09,53
15,89
11,63
12,62
13,68
11,64
16,76
11,65
11,66
03,26
03,27
03,28
03,29
03,30
03,31
18,95
18,96
17,68
12,63
19,68
15,90
17,69
15,91
05,49
16,77
03,32
09,54
13,69
13,70
02,25
23,42
06,35
14,62
03,33
00,65
00,66
17,70
16,78
14,63
13,71
12,64
20,91
14,64
14,65
10,71
12,65
16,79
19,69
00,67
14,66
14,67
14,68
16,80
16,81
00,68
21,61
17,71
17,72
17,73
17,74
17,75
11,67
00,69
23,43
16,82
18,97
14,69
14,70
10,72
16,83
06,36
06,37
14,71
14,72
14,73
14,74
11,68
16,84
09,55
09,56
03,34
11,69
08,49
08,50
15,92
03,35
23,44
12,66
11,70
15,93
11,71
11,72
11,73
00,70
05,50
19,70
12,67
14,75
08,51
07,48
20,92
04,41
03,36
01,41
18,98
11,74
11,75
15,94
07,49
14,76
16,85
08,52
13,72
13,73
14,77
08,53
08,54
08,55
14,78
14,79
14,80
14,81
14,82
14,83
14,84
14,85
14,86
14,87
14,88
14,89
14,90
14,91
11,76
13,74
14,92
08,56
18,99
13,75
13,76
13,77
09,57
17,76
12,68
15,95
19,71
11,77
11,78
11,79
11,80
11,81
11,82
11,83
11,84
11,85
05,51
01,42
01,43
09,58
05,52
08,57
00,71
16,86
16,87
16,88
16,89
00,72
11,86
11,87
23,45
01,44
03,37
08,58
06,38
12,69
18,100
20,93
19,72
22,51
10,73
06,39
11,88
17,77
14,93
16,90
17,78
17,79
15,96
15,97
16,91
14,94
14,95
14,96
02,26
09,59
17,80
09,60
14,97
20,94
17,81
17,82
23,46
20,95
10,74
16,92
16,93
22,52
22,53
18,101
06,40
19,73
15,98
15,99
15,100
15,101
03,38
03,39
03,40
09,61
09,62
14,98
14,99
19,74
19,75
19,76
19,77
19,78
13,78
14,100
18,102
14,101
03,41
13,79
13,80
13,81
13,82
13,83
10,75
09,63
08,59
22,54
22,55
21,62
09,64
18,103
18,104
05,53
05,54
18,105
16,94
10,76
17,83
13,84
14,102
16,95
16,96
15,102
12,70
10,77
14,103
13,85
13,86
11,89
05,55
13,87
13,88
22,56
12,71
14,104
12,72
16,97
16,98
16,99
08,60
09,65
09,66
18,106
01,45
22,57
10,78
01,46
19,79
08,61
20,96
20,97
18,107
04,42
06,41
12,73
12,74
14,105
13,89
10,79
13,90
11,90
18,108
09,67
09,68
09,69
16,100
04,43
21,63
21,64
21,65
21,66
10,80
10,81
11,91
11,92
11,93
11,94
11,95
11,96
11,97
11,98
16,101
14,106
09,70
01,47
15,103
23,47
14,107
18,109
21,67
23,48
02,27
15,104
14,108
13,91
06,42
12,75
16,102
16,103
16,104
07,50
03,42
03,43
01,48
20,98
20,99
20,100
19,80
14,109
14,110
14,111
14,112
14,113
14,114
14,115
14,116
14,117
14,118
14,119
12,76
12,77
12,78
13,92
18,110
22,58
16,105
02,28
18,111
15,105
18,112
12,79
12,80
12,81
12,82
12,83
12,84
16,106
19,81
17,84
17,85
08,62
06,43
06,44
09,71
09,72
17,86
15,106
17,87
14,120
08,63
19,82
14,121
14,122
19,83
19,84
22,59
16,107
10,82
10,83
10,84
10,85
10,86
12,85
09,73
14,123
18,113
18,114
18,115
18,116
18,117
18,118
18,119
18,120
18,121
01,49
01,50
01,51
01,52
22,60
15,107
22,61
21,68
19,85
17,88
16,108
09,74
09,75
08,64
08,65
20,101
06,45
05,56
03,44
02,29
20,102
14,124
20,103
20,104
20,105
20,106
20,107
20,108
20,109
08,66
12,86
12,87
09,76
19,86
19,87
19,88
22,62
16,109
15,108
15,109
04,44
00,73
19,89
15,110
22,63
02,30
02,31
17,89
17,90
09,77
22,64
05,57
12,88
03,45
02,32
02,33
01,53
00,74
05,58
02,34
21,69
21,70
19,90
13,93
13,94
16,110
18,122
22,65
21,71
21,72
21,73
21,74
21,75
21,76
21,77
21,78
21,79
14,125
23,49
06,46
05,59
05,60
05,61
23,50
23,51
23,52
23,53
13,95
23,54
10,87
10,88
10,89
22,66
08,67
08,68
05,62
21,80
20,110
20,111
20,112
19,91
19,92
19,93
08,69
14,126
08,70
08,71
15,111
18,123
18,124
18,125
19,94
15,112
09,78
23,55
23,56
08,72
09,79
22,67
01,54
18,126
18,127
18,128
18,129
20,113
16,111
13,96
13,97
23,57
22,68
22,69
22,70
19,95
19,96
22,71
22,72
22,73
11,99
11,100
21,81
20,114
20,115
15,113
18,130
17,91
16,112
16,113
16,114
16,115
09,80
07,51
06,47
22,74
14,127
08,73
08,74
14,128
02,35
04,45
07,52
14,129
15,114
08,75
20,116
17,92
10,90
15,115
03,46
22,75
10,91
09,81
08,76
15,116
19,97
00,75
18,131
13,98
07,53
07,54
02,36
15,117
19,98
11,101
10,92
01,55
14,130
21,82
14,131
10,93
19,99
18,132
15,118
15,119
15,120
21,83
21,84
02,37
21,85
00,76
03,47
08,77
13,99
15,121
20,117
09,82
18,133
12,89
12,90
16,116
09,83
09,84
01,56
01,57
11,102
16,117
17,93
08,78
17,94
16,118
16,119
16,120
18,134
06,48
13,100
06,49
21,86
00,77
00,78
00,79
00,80
00,81
00,82
00,83
11,103
03,48
10,94
16,121
22,76
10,95
05,63
00,84
17,95
07,55
07,56
18,135
18,136
16,122
15,122
12,91
21,87
21,88
11,104
11,105
11,106
11,107
11,108
11,109
11,110
11,111
06,50
23,58
21,89
20,118
20,119
20,120
03,49
21,90
03,50
00,85
17,96
15,123
15,124
19,100
19,101
12,92
23,59
08,79
21,91
16,123
16,124
18,137
18,138
18,139
14,132
16,125
09,85
19,102
11,112
11,113
11,114
08,80
03,51
06,51
06,52
09,86
12,93
00,86
23,60
20,121
20,122
20,123
07,57
07,58
07,59
20,124
21,92
13,101
19,103
12,94
19,104
19,105
01,58
00,87
08,81
14,133
06,53
05,64
06,54
06,55
08,82
16,126
16,127
16,128
09,87
08,83
16,129
01,59
16,130
15,125
14,134
10,96
18,140
09,88
15,126
07,60
07,61
08,84
15,127
14,135
01,60
05,65
20,125
00,88
00,89
00,90
23,61
09,89
09,90
23,62
16,131
16,132
16,133
23,63
21,93
14,136
06,56
14,137
14,138
23,64
09,91
09,92
09,93
09,94
09,95
04,46
22,77
22,78
22,79
22,80
22,81
21,94
21,95
21,96
21,97
21,98
18,141
18,142
18,143
18,144
18,145
18,146
18,147
18,148
17,97
01,61
01,62
01,63
01,64
01,65
01,66
01,67
01,68
01,69
01,70
01,71
01,72
01,73
01,74
01,75
01,76
01,77
01,78
01,79
01,80
01,81
01,82
01,83
01,84
01,85
01,86
01,87
01,88
01,89
01,90
01,91
01,92
01,93
01,94
01,95
01,96
01,97
01,98
01,99
01,100
01,101
01,102
01,103
01,104
01,105
01,106
01,107
01,108
01,109
01,110
01,111
01,112
01,113
01,114
01,115
01,116
01,117
01,118
01,119
01,120
01,121
01,122
01,123
01,124
01,125
01,126
01,127
01,128
01,129
01,130
01,131
01,132
01,133
01,134
01,135
01,136
01,137
01,138
01,139
01,140
01,141
01,142
01,143
01,144
01,145
01,146
01,147
01,148
01,149
01,150
01,151
01,152
01,153
01,154
01,155
01,156
01,157
01,158
01,159
01,160
01,161
01,162
01,163
01,164
01,165
01,166
01,167
01,168
01,169
01,170
01,171
01,172
01,173
01,174
01,175
01,176
01,177
01,178
17,98
15,128
18,149
19,106
14,139
11,115
06,57
06,58
22,82
09,96
14,140
16,134
09,97
20,126
14,141
07,62
06,59
07,63
13,102
07,64
05,66
06,60
00,91
20,127
20,128
19,107
22,83
20,129
06,61
20,130
13,103
20,131
06,62
20,132
06,63
19,108
19,109
18,150
14,142
14,143
23,65
23,66
18,151
23,67
23,68
07,65
18,152
17,99
17,100
15,129
16,135
20,133
17,101
17,102
07,66
18,153
22,84
21,99
15,130
15,131
09,98
11,116
17,103
17,104
17,105
17,106
19,110
18,154
17,107
18,155
14,144
16,136
15,132
00,92
01,179
13,104
20,134
04,47
13,105
11,117
11,118
16,137
10,97
00,93
00,94
05,67
10,98
23,69
07,67
20,135
20,136
20,137
20,138
20,139
20,140
20,141
20,142
20,143
20,144
20,145
20,146
20,147
20,148
20,149
20,150
20,151
20,152
20,153
20,154
20,155
20,156
20,157
20,158
20,159
20,160
20,161
20,162
20,163
20,164
20,165
20,166
20,167
20,168
20,169
20,170
20,171
20,172
20,173
20,174
20,175
20,176
20,177
20,178
20,179
20,180
20,181
20,182
20,183
20,184
20,185
20,186
20,187
20,188
20,189
20,190
20,191
20,192
20,193
20,194
20,195
20,196
20,197
20,198
20,199
20,200
20,201
20,202
20,203
20,204
20,205
20,206
20,207
20,208
20,209
20,210
20,211
20,212
20,213
20,214
20,215
20,216
20,217
20,218
20,219
20,220
20,221
20,222
20,223
20,224
20,225
20,226
20,227
20,228
20,229
20,230
20,231
20,232
20,233
20,234
20,235
20,236
20,237
20,238
20,239
20,240
20,241
20,242
20,243
20,244
20,245
20,246
20,247
20,248
20,249
20,250
20,251
20,252
20,253
20,254
20,255
20,256
20,257
20,258
20,259
20,260
20,261
20,262
20,263
20,264
20,265
20,266
20,267
20,268
20,269
20,270
20,271
20,272
20,273
20,274
20,275
20,276
20,277
20,278
20,279
20,280
20,281
20,282
20,283
20,284
20,285
20,286
20,287
20,288
20,289
20,290
20,291
20,292
20,293
20,294
20,295
20,296
20,297
20,298
20,299
20,300
20,301
20,302
20,303
20,304
20,305
20,306
20,307
20,308
20,309
20,310
20,311
20,312
20,313
20,314
20,315
20,316
20,317
20,318
20,319
20,320
20,321
20,322
20,323
20,324
20,325
20,326
16,138
01,180
01,181
08,85
19,111
19,112
19,113
18,156
18,157
18,158
17,108
18,159
18,160
17,109
17,110
15,133
17,111
17,112
17,113
06,64
06,65
07,68
10,99
19,114
10,100
05,68
05,69
16,139
16,140
08,86
22,85
13,106
05,70
07,69
07,70
07,71
07,72
07,73
08,87
09,99
00,95
00,96
20,327
20,328
21,100
06,66
20,329
20,330
20,331
17,114
17,115
17,116
17,117
12,95
09,100
09,101
09,102
16,141
15,134
18,161
12,96
12,97
16,142
16,143
16,144
13,107
13,108
13,109
09,103
09,104
18,162
21,101
22,86
20,332
15,135
02,38
22,87
19,115
18,163
23,70
23,71
18,164
17,118
20,333
20,334
08,88
02,39
15,136
22,88
02,40
02,41
00,97
00,98
23,72
16,145
16,146
16,147
16,148
16,149
16,150
16,151
04,48
23,73
17,119
11,119
22,89
07,74
06,67
06,68
06,69
06,70
06,71
06,72
06,73
19,116
23,74
23,75
23,76
23,77
23,78
23,79
23,80
23,81
23,82
22,90
22,91
22,92
21,102
22,93
21,103
22,94
21,104
15,137
21,105
19,117
21,106
23,83
21,107
22,95
23,84
19,118
17,120
22,96
00,99
18,165
22,97
20,335
09,105
09,106
09,107
09,108
20,336
16,152
16,153
07,75
20,337
22,98
22,99
20,338
12,98
19,119
01,182
19,120
19,121
19,122
19,123
19,124
19,125
19,126
19,127
19,128
19,129
19,130
19,131
19,132
19,133
19,134
19,135
16,154
16,155
16,156
16,157
13,110
18,166
18,167
16,158
18,168
18,169
14,145
17,121
20,339
17,122
17,123
03,52
13,111
01,183
15,138
23,85
15,139
15,140
15,141
00,100
19,136
02,42
20,340
21,108
14,146
00,101
12,99
16,159
18,170
00,102
09,109
06,74
06,75
06,76
06,77
06,78
06,79
06,80
06,81
06,82
06,83
06,84
06,85
06,86
06,87
06,88
06,89
06,90
08,89
10,101
10,102
10,103
10,104
10,105
10,106
07,76
16,160
20,341
11,120
10,107
10,108
10,109
01,184
08,90
10,110
10,111
10,112
10,113
10,114
10,115
10,116
10,117
00,103
10,118
05,71
20,342
04,49
05,72
05,73
05,74
05,75
05,76
05,77
22,100
02,43
17,124
17,125
13,112
11,121
19,137
10,119
14,147
07,77
07,78
20,343
13,113
12,100
08,91
05,78
01,185
03,53
14,148
13,114
02,44
17,126
17,127
17,128
17,129
19,138
05,79
10,120
19,139
19,140
19,141
12,101
02,45
14,149
02,46
02,47
18,171
17,130
08,92
05,80
05,81
05,82
05,83
05,84
05,85
05,86
05,87
05,88
05,89
05,90
05,91
05,92
05,93
05,94
05,95
05,96
05,97
03,54
01,186
01,187
01,188
01,189
00,104
16,161
16,162
16,163
18,172
19,142
00,105
22,101
03,55
22,102
22,103
22,104
22,105
10,121
21,109
16,164
21,110
21,111
21,112
21,113
14,150
21,114
21,115
21,116
21,117
21,118
21,119
15,142
03,56
20,344
15,143
11,122
18,173
09,110
10,122
09,111
07,79
17,131
00,106
20,345
20,346
19,143
19,144
19,145
19,146
19,147
18,174
16,165
18,175
18,176
18,177
18,178
18,179
15,144
02,48
02,49
09,112
14,151
18,180
18,181
17,132
17,133
17,134
17,135
17,136
17,137
17,138
17,139
17,140
17,141
17,142
22,106
17,143
17,144
17,145
07,80
00,107
17,146
21,120
11,123
20,347
12,102
12,103
17,147
07,81
12,104
17,148
17,149
16,166
03,57
12,105
08,93
07,82
07,83
06,91
15,145
02,50
04,50
07,84
06,92
05,98
05,99
05,100
05,101
05,102
02,51
11,124
13,115
18,182
12,106
12,107
19,148
09,113
21,121
00,108
00,109
12,108
01,190
01,191
01,192
01,193
01,194
01,195
01,196
00,110
00,111
00,112
04,51
01,197
20,348
20,349
20,350
21,122
14,152
15,146
16,167
19,149
22,107
18,183
17,150
14,153
00,113
15,147
03,58
03,59
02,52
02,53
00,114
00,115
22,108
23,86
23,87
23,88
23,89
23,90
23,91
23,92
23,93
23,94
07,85
22,109
22,110
21,123
21,124
21,125
21,126
21,127
09,114
21,128
21,129
21,130
21,131
21,132
21,133
20,351
20,352
20,353
20,354
20,355
19,150
19,151
19,152
19,153
19,154
18,184
18,185
18,186
18,187
18,188
18,189
18,190
18,191
18,192
18,193
17,151
17,152
17,153
17,154
17,155
17,156
01,198
19,155
19,156
05,103
05,104
05,105
05,106
05,107
05,108
05,109
04,52
04,53
04,54
04,55
04,56
03,60
03,61
03,62
03,63
03,64
03,65
03,66
03,67
03,68
03,69
02,54
02,55
02,56
02,57
02,58
02,59
01,199
18,194
18,195
18,196
16,168
09,115
22,111
01,200
17,157
09,116
10,123
09,117
10,124
18,197
16,169
09,118
15,148
15,149
15,150
15,151
15,152
15,153
13,116
14,154
19,157
19,158
18,198
18,199
18,200
18,201
20,356
08,94
10,125
18,202
12,109
14,155
10,126
09,119
09,120
09,121
09,122
23,95
23,96
10,127
10,128
09,123
09,124
20,357
00,116
00,117
00,118
00,119
00,120
00,121
00,122
00,123
00,124
00,125
00,126
00,127
00,128
15,154
22,112
09,125
03,70
11,125
03,71
00,129
01,201
05,110
05,111
05,112
05,113
23,97
06,93
06,94
06,95
03,72
03,73
05,114
17,158
08,95
00,130
03,74
00,131
17,159
17,160
17,161
08,96
04,57
16,170
13,117
05,115
02,60
22,113
04,58
15,155
14,156
05,116
18,203
21,134
17,162
07,86
11,126
18,204
18,205
18,206
18,207
18,208
18,209
18,210
18,211
18,212
18,213
18,214
19,159
20,358
20,359
11,127
11,128
02,61
03,75
09,126
09,127
09,128
09,129
09,130
09,131
09,132
09,133
09,134
09,135
09,136
14,157
09,137
16,171
17,163
17,164
17,165
17,166
11,129
10,129
15,156
10,130
07,87
07,88
17,167
19,160
17,168
16,172
20,360
00,132
00,133
22,114
06,96
10,131
10,132
15,157
17,169
13,118
03,76
10,133
10,134
10,135
10,136
12,110
12,111
14,158
14,159
00,134
00,135
00,136
11,130
11,131
10,137
02,62
19,161
20,361
13,119
13,120
18,215
09,138
10,138
17,170
07,89
06,97
09,139
21,135
05,117
05,118
05,119
05,120
05,121
05,122
05,123
21,136
04,59
04,60
04,61
04,62
04,63
21,137
21,138
21,139
20,362
20,363
15,158
11,132
20,364
18,216
18,217
18,218
17,171
20,365
19,162
13,121
18,219
14,160
15,159
17,172
17,173
12,112
07,90
21,140
18,220
09,140
09,141
09,142
17,174
21,141
21,142
21,143
21,144
16,173
05,124
06,98
21,145
21,146
23,98
23,99
23,100
23,101
23,102
07,91
07,92
08,97
15,160
20,366
15,161
23,103
12,113
14,161
14,162
14,163
14,164
14,165
14,166
14,167
14,168
13,122
13,123
13,124
09,143
15,162
15,163
15,164
15,165
15,166
15,167
15,168
13,125
08,98
13,126
12,114
12,115
02,63
10,139
06,99
19,163
04,64
04,65
04,66
04,67
04,68
04,69
04,70
04,71
04,72
22,115
22,116
22,117
22,118
22,119
17,175
17,176
01,202
19,164
23,104
14,169
08,99
23,105
22,120
22,121
22,122
01,203
01,204
10,140
23,106
09,144
09,145
16,174
22,123
22,124
22,125
21,147
21,148
21,149
21,150
21,151
21,152
21,153
21,154
02,64
07,93
20,367
22,126
19,165
19,166
19,167
19,168
19,169
22,127
19,170
19,171
19,172
19,173
22,128
22,129
22,130
22,131
22,132
22,133
15,169
15,170
15,171
22,134
22,135
22,136
22,137
22,138
22,139
11,133
11,134
11,135
11,136
11,137
07,94
04,73
06,100
06,101
21,155
21,156
21,157
21,158
21,159
20,368
19,174
05,125
17,177
11,138
11,139
18,221
13,127
08,100
13,128
13,129
13,130
13,131
21,160
09,146
15,172
09,147
02,65
08,101
08,102
08,103
08,104
08,105
18,222
17,178
15,173
17,179
17,180
17,181
08,106
13,132
14,170
14,171
13,133
13,134
13,135
13,136
16,175
06,102
15,174
14,172
19,175
18,223
18,224
09,148
22,140
23,107
23,108
23,109
21,161
23,110
23,111
16,176
22,141
14,173
18,225
18,226
18,227
01,205
16,177
03,77
20,369
20,370
20,371
19,176
06,103
04,74
11,140
23,112
23,113
23,114
23,115
20,372
16,178
21,162
16,179
14,174
01,206
04,75
23,116
03,78
03,79
03,80
02,66
02,67
02,68
02,69
00,137
17,182
15,175
22,142
15,176
15,177
15,178
15,179
16,180
04,76
15,180
14,175
20,373
17,183
14,176
21,163
21,164
21,165
19,177
19,178
13,137
12,116
11,141
23,117
16,181
00,138
00,139
20,374
22,143
13,138
13,139
13,140
13,141
13,142
13,143
13,144
13,145
13,146
13,147
13,148
13,149
13,150
20,375
17,184
13,151
11,142
11,143
10,141
16,182
00,140
06,104
16,183
16,184
16,185
16,186
16,187
16,188
16,189
15,181
16,190
12,117
14,177
14,178
10,142
13,152
13,153
13,154
13,155
13,156
12,118
14,179
14,180
14,181
14,182
14,183
10,143
14,184
16,191
14,185
14,186
14,187
12,119
12,120
12,121
13,157
12,122
12,123
11,144
11,145
11,146
00,141
18,228
18,229
18,230
19,179
16,192
16,193
16,194
16,195
12,124
09,149
09,150
09,151
09,152
13,158
13,159
12,125
12,126
12,127
12,128
12,129
12,130
12,131
13,160
16,196
16,197
16,198
10,144
10,145
10,146
10,147
14,188
14,189
14,190
14,191
14,192
16,199
12,132
11,147
13,161
15,182
20,376
20,377
10,148
16,200
16,201
16,202
18,231
19,180
13,162
01,207
09,153
08,107
08,108
07,95
07,96
07,97
07,98
07,99
07,100
07,101
07,102
07,103
13,163
08,109
19,181
04,77
04,78
04,79
19,182
19,183
01,208
01,209
04,80
04,81
08,110
08,111
10,149
10,150
01,210
13,164
13,165
13,166
13,167
01,211
20,378
20,379
20,380
20,381
20,382
01,212
22,144
22,145
22,146
22,147
22,148
22,149
22,150
22,151
22,152
22,153
22,154
22,155
01,213
23,118
23,119
23,120
23,121
23,122
23,123
23,124
22,156
16,203
16,204
14,193
18,232
18,233
17,185
17,186
16,205
18,234
18,235
18,236
18,237
18,238
18,239
18,240
18,241
22,157
22,158
18,242
05,126
05,127
05,128
05,129
19,184
19,185
19,186
17,187
01,214
15,183
07,104
00,142
15,184
10,151
14,194
22,159
14,195
14,196
14,197
14,198
14,199
14,200
14,201
14,202
14,203
14,204
14,205
22,160
22,161
10,152
08,112
03,81
12,133
10,153
15,185
21,166
22,162
12,134
13,168
03,82
22,163
20,383
20,384
19,187
19,188
04,82
04,83
04,84
04,85
04,86
04,87
12,135
12,136
11,148
11,149
15,186
15,187
15,188
15,189
15,190
15,191
15,192
12,137
12,138
21,167
20,385
16,206
16,207
08,113
08,114
12,139
12,140
16,208
16,209
16,210
01,215
03,83
16,211
16,212
09,154
09,155
09,156
09,157
09,158
09,159
18,243
01,216
00,143
00,144
00,145
01,217
20,386
20,387
20,388
20,389
00,146
01,218
23,125
23,126
01,219
23,127
23,128
20,390
01,220
19,189
19,190
01,221
15,193
15,194
15,195
15,196
15,197
15,198
15,199
15,200
15,201
15,202
15,203
00,147
00,148
14,206
14,207
14,208
14,209
14,210
00,149
12,141
11,150
00,150
10,154
05,130
00,151
00,152
23,129
23,130
23,131
23,132
23,133
23,134
00,153
23,135
23,136
23,137
23,138
13,169
13,170
13,171
13,172
00,154
13,173
13,174
13,175
13,176
08,115
22,164
22,165
06,105
00,155
22,166
22,167
19,191
19,192
21,168
03,84
03,85
03,86
03,87
03,88
03,89
03,90
03,91
03,92
03,93
03,94
03,95
03,96
01,222
14,211
14,212
21,169
20,391
18,244
18,245
18,246
10,155
13,177
21,170
06,106
14,213
13,178
12,142
13,179
13,180
12,143
12,144
12,145
13,181
21,171
18,247
21,172
21,173
21,174
21,175
21,176
20,392
14,214
11,151
09,160
04,88
09,161
09,162
09,163
09,164
02,70
02,71
19,193
22,168
19,194
19,195
19,196
19,197
14,215
19,198
18,248
18,249
18,250
15,204
15,205
15,206
15,207
15,208
15,209
15,210
15,211
15,212
15,213
15,214
17,188
17,189
13,182
16,213
16,214
08,116
18,251
10,156
10,157
22,169
10,158
10,159
07,105
07,106
07,107
15,215
15,216
07,108
05,131
23,139
18,252
11,152
16,215
20,393
20,394
15,217
15,218
15,219
15,220
15,221
15,222
15,223
15,224
15,225
15,226
13,183
13,184
13,185
14,216
14,217
14,218
14,219
14,220
14,221
14,222
14,223
14,224
14,225
14,226
14,227
14,228
14,229
14,230
14,231
14,232
14,233
14,234
14,235
08,117
18,253
12,146
16,216
11,153
11,154
11,155
08,118
20,395
18,254
20,396
12,147
23,140
23,141
12,148
23,142
08,119
11,156
03,97
03,98
03,99
03,100
03,101
11,157
11,158
11,159
11,160
11,161
03,102
11,162
14,236
12,149
08,120
08,121
11,163
21,177
09,165
08,122
14,237
07,109
03,103
14,238
21,178
14,239
15,227
05,132
05,133
05,134
05,135
05,136
05,137
13,186
17,190
11,164
04,89
04,90
04,91
11,165
07,110
07,111
07,112
07,113
07,114
07,115
07,116
07,117
14,240
14,241
20,397
10,160
07,118
20,398
14,242
08,123
17,191
01,223
11,166
03,104
03,105
03,106
12,150
03,107
11,167
11,168
11,169
17,192
14,243
12,151
13,187
08,124
08,125
07,119
16,217
07,120
12,152
06,107
16,218
15,228
07,121
20,399
14,244
02,72
23,143
23,144
23,145
23,146
23,147
23,148
21,179
21,180
20,400
19,199
19,200
17,193
15,229
01,224
10,161
10,162
10,163
10,164
11,170
11,171
11,172
11,173
11,174
00,156
00,157
00,158
14,245
23,149
23,150
23,151
12,153
12,154
12,155
12,156
12,157
12,158
12,159
12,160
22,170
22,171
15,230
15,231
15,232
15,233
15,234
15,235
15,236
15,237
15,238
15,239
15,240
15,241
15,242
15,243
22,172
10,165
10,166
10,167
10,168
10,169
10,170
10,171
10,172
10,173
10,174
10,175
10,176
10,177
10,178
10,179
10,180
10,181
10,182
22,173
05,138
22,174
07,122
07,123
01,225
23,152
21,181
22,175
20,401
20,402
20,403
22,176
20,404
20,405
20,406
19,201
17,194
17,195
14,246
14,247
21,182
07,124
07,125
07,126
07,127
07,128
07,129
07,130
07,131
07,132
14,248
14,249
14,250
21,183
01,226
01,227
01,228
01,229
12,161
19,202
19,203
19,204
21,184
21,185
20,407
21,186
19,205
19,206
17,196
16,219
10,183
21,187
06,108
06,109
06,110
06,111
06,112
06,113
06,114
06,115
20,408
06,116
19,207
13,188
13,189
03,108
03,109
16,220
03,110
12,162
05,139
05,140
05,141
18,255
18,256
09,166
09,167
09,168
09,169
09,170
09,171
09,172
09,173
09,174
09,175
09,176
09,177
12,163
12,164
12,165
12,166
12,167
12,168
12,169
12,170
12,171
12,172
12,173
12,174
16,221
19,208
17,197
06,117
06,118
06,119
10,184
10,185
18,257
18,258
18,259
18,260
18,261
18,262
18,263
11,175
10,186
21,188
06,120
14,251
17,198
17,199
17,200
17,201
17,202
17,203
13,190
11,176
11,177
06,121
16,222
15,244
17,204
11,178
21,189
21,190
21,191
21,192
21,193
21,194
21,195
21,196
23,153
14,252
14,253
15,245
19,209
12,175
15,246
08,126
03,111
03,112
03,113
03,114
03,115
03,116
03,117
03,118
03,119
16,223
13,191
14,254
20,409
22,177
05,142
05,143
05,144
05,145
05,146
14,255
14,256
20,410
20,411
20,412
20,413
20,414
20,415
20,416
20,417
20,418
20,419
20,420
20,421
13,192
10,187
10,188
10,189
12,176
12,177
12,178
12,179
12,180
12,181
12,182
06,122
06,123
03,120
18,264
20,422
20,423
20,424
20,425
20,426
20,427
20,428
18,265
18,266
18,267
18,268
01,230
03,121
07,133
13,193
18,269
18,270
10,190
20,429
12,183
18,271
23,154
12,184
19,210
19,211
09,178
03,122
14,257
14,258
14,259
13,194
10,191
10,192
10,193
08,127
19,212
19,213
15,247
15,248
15,249
15,250
15,251
15,252
15,253
15,254
15,255
15,256
15,257
15,258
15,259
15,260
15,261
15,262
01,231
01,232
11,179
04,92
04,93
04,94
06,124
07,134
06,125
06,126
09,179
05,147
05,148
13,195
13,196
13,197
06,127
11,180
11,181
17,205
11,182
10,194
11,183
11,184
22,178
23,155
03,123
14,260
08,128
05,149
08,129
05,150
23,156
15,263
15,264
15,265
15,266
15,267
15,268
15,269
15,270
15,271
15,272
15,273
15,274
15,275
15,276
15,277
15,278
17,206
14,261
14,262
14,263
14,264
23,157
01,233
13,198
20,430
20,431
22,179
00,159
07,135
17,207
07,136
07,137
18,272
23,158
05,151
06,128
07,138
07,139
07,140
12,185
07,141
07,142
11,185
09,180
08,130
07,143
11,186
09,181
07,144
07,145
14,265
13,199
01,234
12,186
12,187
12,188
12,189
23,159
06,129
06,130
06,131
01,235
11,187
06,132
06,133
06,134
22,180
06,135
06,136
06,137
22,181
22,182
22,183
22,184
22,185
05,152
05,153
05,154
21,197
01,236
11,188
08,131
11,189
03,124
03,125
09,182
09,183
08,132
05,155
05,156
22,186
22,187
22,188
22,189
01,237
22,190
02,73
02,74
02,75
04,95
02,76
02,77
02,78
02,79
11,190
02,80
00,160
00,161
00,162
07,146
02,81
22,191
22,192
02,82
02,83
02,84
02,85
02,86
01,238
01,239
01,240
01,241
01,242
01,243
00,163
00,164
00,165
00,166
22,193
02,87
01,244
01,245
04,96
06,138
05,157
10,195
05,158
00,167
00,168
22,194
22,195
22,196
06,139
06,140
06,141
06,142
06,143
03,126
15,279
23,160
15,280
15,281
15,282
15,283
15,284
15,285
11,191
15,286
15,287
15,288
15,289
15,290
15,291
15,292
15,293
15,294
15,295
15,296
15,297
14,266
15,298
23,161
10,196
10,197
10,198
10,199
10,200
10,201
10,202
10,203
23,162
09,184
09,185
09,186
09,187
09,188
06,144
05,159
15,299
19,214
23,163
23,164
23,165
23,166
23,167
23,168
23,169
23,170
23,171
23,172
23,173
23,174
23,175
14,267
10,204
10,205
15,300
23,176
23,177
23,178
21,198
21,199
15,301
15,302
17,208
17,209
03,127
20,432
11,192
20,433
08,133
20,434
20,435
20,436
20,437
19,215
02,88
11,193
11,194
11,195
19,216
19,217
19,218
19,219
21,200
21,201
18,273
01,246
09,189
11,196
01,247
01,248
01,249
15,303
15,304
15,305
15,306
15,307
15,308
10,206
18,274
18,275
18,276
17,210
02,89
10,207
08,134
23,179
23,180
23,181
23,182
23,183
23,184
23,185
23,186
23,187
23,188
23,189
23,190
23,191
23,192
23,193
23,194
23,195
23,196
16,224
16,225
23,197
14,268
07,147
10,208
00,169
06,145
05,160
05,161
05,162
05,163
05,164
05,165
05,166
05,167
05,168
05,169
16,226
19,220
19,221
23,198
03,128
03,129
07,148
03,130
07,149
02,90
17,211
05,170
05,171
05,172
05,173
05,174
05,175
14,269
14,270
04,97
04,98
04,99
04,100
04,101
04,102
04,103
04,104
03,131
20,438
02,91
08,135
00,170
00,171
00,172
00,173
00,174
00,175
00,176
00,177
00,178
00,179
00,180
00,181
00,182
00,183
00,184
13,200
13,201
13,202
02,92
16,227
16,228
16,229
19,222
20,439
08,136
08,137
13,203
08,138
02,93
02,94
02,95
14,271
02,96
02,97
02,98
02,99
02,100
03,132
14,272
12,190
12,191
12,192
12,193
12,194
12,195
12,196
12,197
12,198
12,199
12,200
12,201
02,101
11,197
11,198
11,199
11,200
11,201
11,202
11,203
11,204
11,205
11,206
11,207
11,208
02,102
13,204
11,209
11,210
13,205
13,206
11,211
11,212
13,207
13,208
13,209
02,103
07,150
18,277
17,212
17,213
17,214
17,215
13,210
10,209
13,211
19,223
19,224
19,225
09,190
09,191
08,139
09,192
09,193
02,104
17,216
08,140
07,151
03,133
02,105
02,106
10,210
10,211
10,212
10,213
10,214
10,215
15,309
09,194
08,141
08,142
08,143
08,144
07,152
15,310
15,311
12,202
11,213
11,214
11,215
11,216
11,217
11,218
11,219
11,220
03,134
02,107
18,278
18,279
18,280
18,281
18,282
18,283
18,284
18,285
18,286
15,312
13,212
06,146
16,230
19,226
20,440
03,135
06,147
06,148
06,149
06,150
10,216
10,217
10,218
10,219
02,108
01,250
00,185
00,186
21,202
21,203
21,204
21,205
21,206
21,207
21,208
21,209
21,210
21,211
21,212
21,213
01,251
15,313
16,231
18,287
19,227
16,232
00,187
00,188
23,199
23,200
23,201
02,109
02,110
02,111
02,112
02,113
02,114
02,115
02,116
02,117
02,118
02,119
08,145
23,202
19,228
19,229
19,230
23,203
09,195
09,196
09,197
23,204
23,205
23,206
23,207
05,176
12,203
12,204
16,233
22,197
22,198
22,199
21,214
15,314
11,221
15,315
17,217
16,234
10,220
10,221
10,222
19,231
08,146
02,120
09,198
15,316
15,317
12,205
17,218
19,232
02,121
21,215
14,273
00,189
02,122
21,216
06,151
01,252
14,274
14,275
14,276
16,235
16,236
16,237
15,318
15,319
15,320
15,321
07,153
10,223
06,152
12,206
09,199
06,153
09,200
09,201
10,224
10,225
10,226
10,227
06,154
10,228
21,217
15,322
18,288
10,229
14,277
10,230
11,222
14,278
17,219
20,441
17,220
22,200
22,201
19,233
20,442
01,253
23,208
01,254
20,443
20,444
20,445
18,289
15,323
11,223
13,213
08,147
16,238
19,234
19,235
19,236
19,237
14,279
03,136
15,324
14,280
17,221
17,222
19,238
17,223
20,446
20,447
17,224
17,225
17,226
15,325
16,239
06,155
16,240
16,241
16,242
16,243
16,244
16,245
12,207
09,202
13,214
01,255
17,227
12,208
14,281
09,203
09,204
09,205
09,206
04,105
09,207
20,448
08,148
14,282
14,283
14,284
14,285
14,286
14,287
14,288
14,289
14,290
14,291
14,292
14,293
16,246
08,149
14,294
15,326
15,327
08,150
08,151
08,152
08,153
14,295
08,154
02,123
15,328
14,296
15,329
16,247
12,209
20,449
20,450
15,330
22,202
15,331
21,218
15,332
21,219
20,451
19,239
19,240
19,241
19,242
19,243
18,290
18,291
18,292
15,333
15,334
12,210
15,335
18,293
15,336
09,208
09,209
14,297
07,154
08,155
07,155
08,156
12,211
14,298
19,244
19,245
19,246
19,247
19,248
19,249
19,250
19,251
19,252
19,253
00,190
14,299
11,224
11,225
21,220
21,221
09,210
09,211
09,212
09,213
09,214
09,215
09,216
09,217
09,218
09,219
09,220
16,248
03,137
09,221
09,222
09,223
09,224
09,225
09,226
09,227
03,138
03,139
10,231
23,209
18,294
13,215
13,216
13,217
22,203
22,204
22,205
22,206
22,207
22,208
22,209
22,210
21,222
01,256
02,124
13,218
13,219
13,220
13,221
13,222
13,223
13,224
13,225
13,226
13,227
13,228
13,229
13,230
18,295
17,228
12,212
08,157
00,191
00,192
01,257
01,258
20,452
23,210
12,213
21,223
21,224
07,156
13,231
12,214
15,337
14,300
14,301
20,453
10,232
12,215
17,229
01,259
01,260
13,232
04,106
04,107
01,261
05,177
04,108
13,233
17,230
04,109
10,233
22,211
21,225
21,226
14,302
06,156
03,140
03,141
03,142
03,143
03,144
03,145
03,146
18,296
18,297
14,303
06,157
07,157
20,454
20,455
20,456
20,457
20,458
20,459
15,338
08,158
12,216
03,147
03,148
03,149
03,150
03,151
03,152
03,153
03,154
03,155
03,156
03,157
03,158
03,159
03,160
03,161
03,162
03,163
03,164
20,460
20,461
17,231
17,232
17,233
10,234
10,235
21,227
18,298
08,159
21,228
21,229
21,230
21,231
08,160
08,161
08,162
08,163
15,339
15,340
07,158
07,159
00,193
00,194
08,164
08,165
14,304
17,234
17,235
12,217
10,236
13,234
13,235
13,236
13,237
23,211
18,299
16,249
11,226
11,227
11,228
11,229
05,178
12,218
12,219
12,220
12,221
04,110
04,111
04,112
04,113
04,114
04,115
04,116
04,117
04,118
07,160
10,237
02,125
01,262
03,165
03,166
09,228
14,305
16,250
11,230
07,161
07,162
07,163
07,164
07,165
07,166
07,167
07,168
07,169
07,170
07,171
07,172
07,173
07,174
07,175
15,341
15,342
15,343
15,344
05,179
09,229
12,222
10,238
10,239
14,306
10,240
10,241
10,242
10,243
10,244
10,245
10,246
10,247
10,248
10,249
10,250
10,251
10,252
10,253
10,254
10,255
10,256
10,257
10,258
10,259
10,260
10,261
10,262
10,263
10,264
10,265
10,266
10,267
10,268
10,269
10,270
10,271
10,272
10,273
10,274
10,275
10,276
10,277
10,278
16,251
14,307
14,308
14,309
14,310
00,195
08,166
08,167
08,168
08,169
08,170
08,171
08,172
08,173
08,174
08,175
19,254
00,196
23,212
07,176
16,252
00,197
00,198
00,199
00,200
00,201
00,202
00,203
00,204
00,205
09,230
20,462
20,463
09,231
09,232
09,233
09,234
09,235
09,236
09,237
00,206
21,232
21,233
01,263
09,238
09,239
09,240
09,241
09,242
00,207
11,231
06,158
20,464
10,279
10,280
12,223
19,255
14,311
08,176
08,177
08,178
08,179
08,180
08,181
08,182
08,183
08,184
08,185
08,186
08,187
07,177
10,281
03,167
03,168
03,169
03,170
03,171
15,345
08,188
00,208
00,209
00,210
22,212
11,232
22,213
02,126
09,243
22,214
20,465
18,300
23,213
23,214
19,256
19,257
19,258
19,259
14,312
11,233
08,189
02,127
08,190
08,191
08,192
08,193
08,194
08,195
08,196
08,197
08,198
08,199
08,200
08,201
08,202
08,203
08,204
08,205
10,282
10,283
10,284
10,285
10,286
10,287
10,288
13,238
06,159
08,206
15,346
13,239
13,240
13,241
13,242
13,243
13,244
13,245
13,246
13,247
13,248
13,249
13,250
19,260
19,261
19,262
19,263
19,264
19,265
19,266
19,267
19,268
19,269
19,270
19,271
19,272
19,273
01,264
21,234
21,235
09,244
09,245
16,253
09,246
09,247
09,248
09,249
09,250
09,251
09,252
09,253
09,254
09,255
09,256
09,257
06,160
08,207
16,254
16,255
01,265
01,266
01,267
01,268
05,180
05,181
10,289
10,290
11,234
13,251
16,256
16,257
16,258
16,259
15,347
15,348
15,349
15,350
15,351
08,208
01,269
14,313
09,258
22,215
22,216
14,314
08,209
08,210
09,259
21,236
07,178
14,315
17,236
07,179
14,316
20,466
15,352
08,211
08,212
10,291
09,260
12,224
14,317
18,301
23,215
19,274
19,275
12,225
20,467
20,468
20,469
20,470
20,471
20,472
20,473
20,474
20,475
06,161
14,318
18,302
22,217
22,218
22,219
22,220
22,221
22,222
22,223
22,224
00,211
15,353
15,354
15,355
15,356
22,225
07,180
07,181
07,182
07,183
07,184
04,119
04,120
07,185
22,226
22,227
11,235
04,121
04,122
04,123
12,226
08,213
11,236
11,237
13,252
13,253
17,237
02,128
02,129
18,303
16,260
13,254
13,255
16,261
10,292
13,256
13,257
17,238
14,319
11,238
19,276
13,258
14,320
14,321
06,162
13,259
23,216
01,270
15,357
17,239
17,240
17,241
17,242
17,243
17,244
17,245
17,246
17,247
17,248
17,249
22,228
15,358
21,237
21,238
14,322
14,323
14,324
15,359
15,360
15,361
15,362
20,476
20,477
20,478
20,479
20,480
20,481
20,482
15,363
18,304
18,305
18,306
16,262
08,214
19,277
22,229
13,260
02,130
20,483
13,261
13,262
07,186
11,239
11,240
11,241
10,293
08,215
08,216
08,217
09,261
02,131
13,263
13,264
13,265
13,266
13,267
13,268
13,269
06,163
06,164
15,364
14,325
03,172
03,173
03,174
03,175
03,176
03,177
10,294
23,217
16,263
16,264
19,278
15,365
21,239
08,218
13,270
07,187
15,366
09,262
14,326
22,230
13,271
05,182
11,242
09,263
09,264
01,271
13,272
13,273
13,274
12,227
13,275
13,276
13,277
13,278
13,279
13,280
13,281
13,282
13,283
13,284
13,285
12,228
13,286
13,287
13,288
13,289
13,290
13,291
13,292
13,293
13,294
13,295
13,296
13,297
13,298
13,299
13,300
13,301
13,302
13,303
13,304
13,305
13,306
13,307
13,308
13,309
13,310
13,311
13,312
04,124
04,125
04,126
04,127
04,128
04,129
04,130
04,131
04,132
04,133
04,134
04,135
04,136
04,137
04,138
12,229
12,230
09,265
09,266
09,267
09,268
08,219
17,250
17,251
11,243
12,231
23,218
13,313
19,279
17,252
17,253
15,367
15,368
15,369
15,370
15,371
15,372
15,373
